$ 1 0.000005 10.20027730826997 50 5 43 5e-11
v 96 288 96 160 0 1 4000 4.4 5 0 0.5
c 96 160 176 160 4 0.000009999999999999999 4.983769641199399 0.001 0
r 176 160 176 288 0 1000
w 96 288 176 288 0
a 208 176 304 176 9 15 -15 1000000 1.6359470801543552 1.6359634396251568 100000
w 176 160 208 160 0
w 208 192 208 224 0
w 208 224 304 224 0
w 304 224 304 176 0
d 304 176 368 176 2 default
c 416 176 416 288 4 0.000001 2.58543901660279 0.001 0
w 176 288 368 288 0
r 464 176 464 288 0 1000
w 368 288 416 288 0
r 368 176 416 176 0 50
w 416 176 464 176 0
w 464 288 416 288 0
o 0 1 0 4099 20 0.0125 0 2 0 3
o 2 1 0 12290 4.392345181826716 0.0001 1 2 2 3
o 12 1 0 4098 10 0.1 2 2 12 3
38 0 F1 0 0 20 -1 Max\sVoltage
38 0 F1 2 5 10 -1 DC\sOffset
